5762151
50
3572
4
7654143
47
4893
4
8744624
53
4311
4
9045057
54
1681
1
2560584
62
1189
2
4573647
20
4543
3
745919
64
4814
4
3302774
20
4872
2
6895462
62
236
1
3247143
46
2695
3
7308850
23
969
4
7290386
17
2303
3
2436398
59
927
4
344316
37
1253
1
6173269
32
1707
4
8606200
45
3073
2
9037759
26
3393
1
4212508
55
1478
3
9665988
15
1301
1
817926
21
622
3
1534848
16
1533
4
3254865
53
4303
3
571570
26
1281
1
3619096
21
549
1
5106769
57
2884
4
8042766
28
481
1
2884550
50
2233
2
6373148
22
4024
1
8727263
22
1995
2
9404894
16
2383
2
3283875
31
337
2
5437088
51
1981
4
3661190
30
3010
3
6300691
58
3799
4
6968076
49
3765
3
711683
54
314
1
7194775
25
3237
3
1341343
37
3352
4
8307141
54
284
1
2144719
32
4211
1
5718688
36
4671
4
9887256
37
1862
4
6097236
42
3817
2
1549809
46
3850
4
5062840
54
213
3
3145505
32
433
2
5263713
34
2817
4
6290830
43
291
2
3700724
29
2288
2
7711325
15
412
3
9454950
44
3492
3
2214745
59
365
3
2147240
46
1613
2
4626942
63
2650
4
2365574
32
1342
3
6524044
49
3027
1
6334450
30
4818
2
7605846
47
1483
1
57303
42
1494
2
2950119
27
735
4
8005316
63
1052
4
8007111
18
151
4
6690715
58
73
3
464520
18
2874
1
9551200
59
1921
3
1701982
21
3886
4
9816132
48
2372
2
5195117
22
4612
1
6876906
32
4783
4
3002165
51
2826
3
822836
64
1020
4
1593758
60
2391
2
3793087
27
3115
3
7759249
17
413
2
7383929
50
2610
1
7447327
40
2824
2
1555777
24
4312
1
7645280
53
2962
3
1331424
48
285
3
3699272
44
1271
2
9353549
51
3440
3
4956539
18
267
4
4108145
45
2859
1
848013
48
641
2
2504806
20
117
2
2133589
44
4267
1
6048517
19
1278
1
6280012
64
1166
4
2897026
23
4741
1
5566174
26
1152
3
7625722
28
742
1
6006183
50
849
3
9810406
31
3283
4
9245446
15
20
1
8233628
63
2808
1
4840219
39
4367
1
7606295
23
1812
1
8005610
31
1602
1
6059758
62
2160
4
6282894
26
4121
2
3015486
19
3364
2
6646372
49
889
1
7826188
64
852
4
7459233
34
4723
1
7595777
50
4108
2
9392259
26
4914
1
5225912
41
3963
1
7997883
49
3073
4
7461984
55
1544
3
4182527
48
610
2
8522668
28
1148
4
568074
36
4519
3
3653916
43
1216
4
2950898
47
4199
4
2980977
29
2699
1
1723994
40
3164
3
540084
25
288
2
3708687
63
2355
2
793782
20
1540
1
9065903
26
1814
3
3707482
45
3153
3
3385723
19
3589
2
7893292
54
2821
1
6969896
50
4310
2
4733415
15
4826
1
1993243
46
573
3
5467183
30
14
1
8341040
43
1306
1
9546214
24
4054
4
9928315
59
848
2
5740402
35
4901
4
6111081
28
2436
2
3436572
27
2649
2
1545877
39
1627
2
4008134
56
3301
1
6104852
22
4888
2
9495454
57
4108
2
1808060
22
1314
4
2138796
32
978
3
6023245
29
392
4
5577135
56
708
2
5953981
53
2010
4
5536735
28
2275
4
9642634
30
2536
1
2458819
60
2973
1
6337980
54
1324
2
5588324
17
3919
1
2682231
26
2331
3
9298815
56
4627
2
1648169
54
1032
2
5329757
23
2616
3
9332007
18
314
2
9543209
52
3734
1
8544117
25
4037
1
7560101
21
1172
2
2002462
20
3935
2
389368
27
4998
3
3531615
47
3439
4
1875867
20
4829
3
4232622
60
851
3
8164987
52
1814
1
4542407
18
4896
1
7680284
33
897
1
8562318
48
1105
3
2343569
20
200
4
6920035
56
2502
1
3357416
49
2098
4
9095243
64
669
3
7220252
51
2726
3
5102420
38
4998
4
1590080
63
2683
4
9637229
55
193
1
3632798
58
3127
2
5401792
47
2017
3
8775814
32
4093
2
5064771
30
3511
4
6286414
53
2594
3
1589013
59
2598
1
1671267
46
2575
2
215555
33
1454
2
5109566
48
4506
2
6383046
40
384
2
8328352
44
2131
4
883336
57
3118
4
9907063
27
4646
2
154814
59
2350
2
4463930
40
1827
4
5539055
46
21
4
214379
42
4809
3
6872588
60
3415
2
3598765
61
3856
4
5592643
42
2974
2
6514174
35
2867
1
5521239
34
2250
3
9806704
42
745
1
698747
31
452
1
8766745
28
2758
2
5133313
39
2498
1
6698271
22
259
2
3771095
49
2739
2
5141009
23
1474
4
1618724
39
3517
2
9724200
27
3266
4
3601383
35
2139
4
5016748
63
3428
2
8242552
43
3077
1
5895029
54
3814
4
9543029
20
2445
2
7486268
34
3552
3
2484069
34
3819
1
3886460
50
1011
2
5228544
17
2092
3
5394591
35
1383
1
1807985
28
1377
1
6470628
56
155
2
8509569
15
4906
4
9323000
24
1757
3
9650644
43
1366
1
8094224
44
925
2
678386
32
4064
1
1325030
64
3513
1
8337723
55
3176
3
4291435
48
4243
2
3138656
15
2896
4
7692781
20
4726
2
9658011
59
2702
4
7511299
44
2173
3
399351
54
4742
3
6219434
20
4630
2
2454511
21
1467
3
4027686
28
1811
3
1836317
24
3985
3
4822142
28
4663
3
7277606
32
4649
3
2303762
37
792
3
8079552
51
2284
1
8891537
32
2153
4
2591268
37
1922
4
6022129
48
2393
1
1015005
46
4774
2
4922972
53
4559
3
4658351
24
1688
1
5986178
45
1250
4
9854554
52
1947
2
5958286
15
3204
4
3055474
41
1847
1
855348
57
2060
2
7528463
50
4566
3
8712753
43
4124
1
3219721
30
337
3
4254801
54
3865
1
9187977
27
2577
1
8986304
47
2912
2
3712402
26
501
1
8011770
26
181
4
7475843
15
3849
2
7331767
40
1858
2
9446549
62
3335
1
2536591
18
2852
2
4794458
47
2997
3
6258971
26
3671
1
7108480
37
1353
1
5061900
51
1455
3
284192
21
3559
1
3941070
32
4533
1
3340328
36
4960
4
1082944
29
2468
4
8211061
32
4121
3
7684201
57
2391
4
2487175
59
3879
3
2602983
51
3884
2
6838529
60
237
1
2260570
38
3148
2
1756782
25
2684
3
3768824
19
4313
4
8648444
52
2137
2
1468954
43
2556
1
7484808
53
2298
4
9224633
49
928
2
8082688
32
4845
3
7310048
60
4128
1
2395267
27
2510
2
4049685
41
1056
4
9128066
61
1744
3
8130449
15
4142
4
1323454
57
4010
4
2811745
55
3436
1
2285210
48
2606
1
9625364
49
3192
4
7119953
18
1972
1
8805281
46
2559
3
6083961
20
1440
2
8151460
48
756
1
6754826
33
4015
3
9307553
16
2118
1
2733498
39
4072
3
3912815
29
605
3
2999436
42
2278
3
9022005
54
4096
2
9033257
52
239
4
3932631
60
603
4
4747309
35
4957
3
929844
42
4794
2
2478276
31
3327
4
1782579
47
3673
3
5546592
18
2705
1
728706
18
4354
1
9690047
60
3895
3
5693394
16
1066
3
7901903
40
2633
4
376018
44
1156
4
9624071
49
2622
2
8983532
62
4635
3
6360049
57
4747
3
4197012
18
2834
1
7832772
44
755
3
48941
38
2801
3
3996994
51
3701
4
3766995
22
714
4
7859517
51
3748
3
3271022
51
388
2
8858595
50
2079
3
4342002
28
4867
3
13171
37
733
4
3885235
51
4033
4
5743202
49
2455
2
4137773
34
2209
2
1116601
24
3747
2
3782179
51
4775
3
3330643
19
3452
1
4438155
36
2254
4
9736684
54
4394
1
5280715
45
192
2
9902620
62
1247
3
3371027
23
4744
3
8747313
58
2516
4
2769045
56
2341
4
8729281
60
2167
2
1183205
38
4732
3
6716521
44
1607
3
9755408
16
3348
2
4902165
62
584
3
9635876
45
2993
1
2291636
24
1091
4
2142970
47
1458
2
4627106
40
1915
4
6100863
62
1265
4
1403603
39
610
2
7382509
25
4215
2
4036273
64
3844
1
9412937
54
2588
3
5083849
45
1209
3
6728477
34
1147
3
5439008
29
1845
4
6442437
28
3314
1
7748782
41
982
4
4620607
64
1940
4
6982785
51
3855
4
8905474
59
1237
4
7481483
64
3225
1
7887992
40
335
4
6615336
47
2914
2
1724349
43
4798
4
976688
47
450
4
9860049
57
287
2
5091042
57
4616
1
1032116
20
2932
3
3817358
24
3355
4
6194698
57
3342
3
1085085
23
4983
3
1704035
48
3661
2
4293442
26
137
3
1488061
39
2383
1
1696077
64
3993
2
8154416
42
3975
2
5440946
47
3088
2
4835136
47
2803
4
3705520
53
629
4
9730340
55
3624
2
479892
28
4540
3
1545717
38
395
1
8505301
53
3369
1
7877776
59
3745
4
1306224
49
1528
4
8631049
48
3810
4
4874903
54
3290
3
6900275
29
4983
3
9882202
38
1497
2
3592856
57
3077
3
7211491
61
3906
2
5528984
16
100
3
7310938
46
4977
3
7923771
53
4517
3
8474614
24
4932
2
7022453
33
2199
2
452199
61
4723
3
191993
15
3016
1
3835631
39
4869
3
4871133
37
1912
4
9424465
54
1273
4
1892042
57
4158
2
2556394
55
2622
4
1196728
36
4532
3
3245011
22
3796
3
463598
30
2735
4
6802822
19
1101
2
9395346
28
3185
2
4201421
23
253
1
8511797
26
1245
3
3994882
32
2981
1
5795089
31
418
3
9559576
31
3073
2
1920118
23
4592
4
6779922
58
2944
4
495140
44
2328
2
6362102
46
949
2
7607183
61
499
3
2032493
46
4762
2
3848765
45
3716
1
3717138
56
3758
3
275333
15
57
2
5869256
18
1460
3
1590697
56
3119
4
9517828
35
20
4
6714081
34
4265
4
3035422
42
185
4
1735649
16
3576
2
7883442
49
4839
4
1607055
63
112
1
7755739
40
2887
2
4283115
21
2564
1
9397875
49
3207
2
1604499
37
4477
1
5302881
29
211
3
9971343
52
2420
2
637499
26
3356
3
6580006
35
1942
3
2252824
44
4251
4
8592328
32
2952
4
3817126
24
4416
3
8528828
58
1366
4
8006333
43
1246
3
3466834
31
3539
4
7007459
62
3701
2
3138156
60
303
2
2212005
21
2977
2
2780448
44
1684
1
8623457
15
4087
1
1986481
20
1260
2
1214805
21
1484
2
312610
38
1996
2
8229657
64
4643
4
1269155
63
4856
2
8113641
48
2586
3
3530193
37
1511
4
1138093
15
1979
2
6623875
54
3378
4
9757122
29
1296
2
9987650
59
775
2
9021832
35
1256
2
2289448
27
4311
2
7610305
64
3312
1
6299035
38
3967
4
3331973
64
2720
1
5470699
15
1723
1
9863784
36
3609
4
9234095
51
4820
1
8597646
41
4150
4
4062319
26
1256
3
5538068
33
4251
3
1440748
33
233
1
8771901
20
749
1
8611837
37
1396
2
2967039
22
3028
4
2552152
15
4272
1
6630342
37
2879
1
3968270
51
1303
2
8495120
19
3232
1
1350224
32
4668
3
3034285
32
754
4
2089349
17
4004
3
3699946
47
4649
2
9941416
36
2906
1
9363791
52
1676
3
7862684
44
3228
3
9904931
27
3482
3
4864057
17
3356
1
3020103
25
1687
3
4673977
56
2952
4
8244099
18
2129
4
299312
50
4519
3
4047387
61
1205
3
9264354
50
3832
2
79950
31
423
3
5628358
46
3387
1
124414
39
1306
2
9665975
23
3380
2
9024615
24
2853
4
2406932
37
3065
2
3003652
35
1571
1
396440
20
4509
1
8806775
47
287
2
1276416
39
734
1
3230238
55
213
3
8442762
58
3412
4
9750547
30
2358
4
7883837
38
2772
3
341210
60
2654
2
3737551
28
162
4
6583619
64
517
3
2445586
16
1870
4
9549791
50
4146
3
9928432
25
861
4
1441573
36
2539
1
3126388
28
74
2
5037404
43
1198
2
606417
25
385
3
2118263
17
2256
1
3458615
43
1916
1
7383971
27
3147
3
3351403
25
2481
4
6325083
35
4367
4
1856784
59
24
4
344912
39
204
3
7640417
54
3512
1
7867846
34
4789
1
7631461
20
849
2
6019141
63
3807
4
1925813
53
4646
1
727748
28
4623
2
7710007
62
4740
3
5358704
59
3504
2
4716966
31
13
2
2984278
17
1078
2
1771624
44
3250
3
8678788
24
2421
4
4891188
32
2680
3
9671275
18
4407
1
7308391
64
3274
2
7926864
45
3442
3
4235294
20
4763
1
5633440
56
2373
2
7450601
40
3096
4
6586862
32
1139
3
6262646
36
4200
3
4792582
25
3610
2
595594
50
4006
4
8355224
15
2289
3
8987394
18
2151
3
5599390
41
2983
4
8789391
44
1522
1
9707957
28
1430
3
6664228
46
552
4
1896975
27
3788
3
9132502
62
1010
4
6373092
16
1633
4
3673063
51
3421
4
7727380
22
3374
2
4390313
63
213
2
60431
61
3671
3
7859988
40
2457
3
2289946
63
4324
2
5161925
51
2256
1
542691
57
2600
3
9070399
38
3049
4
6561548
40
664
4
4925436
43
1160
3
4083999
49
2788
2
7156948
61
775
2
9244204
16
2691
2
7279582
64
3337
1
8961581
54
2926
1
4874843
43
4663
2
8885292
43
520
4
5932570
46
3821
1
5138073
25
1637
1
8012070
29
178
1
5160392
34
3345
2
5100555
49
3237
3
3085431
31
3982
4
5374913
62
3836
4
100462
22
3131
4
9352396
17
667
4
7503741
19
2583
3
1736205
28
4174
1
3848443
36
3693
4
4683270
48
2269
3
6995910
16
4921
4
7061403
24
3294
3
7039649
40
2161
1
1698585
44
3463
1
9835334
64
1415
3
3872916
56
1542
4
9602218
50
1406
4
2564895
40
4005
2
4851292
43
2664
3
521757
24
1804
3
877575
31
4414
3
9126911
45
1759
1
2633066
41
2186
2
6696626
43
3396
1
4484137
17
407
3
3159874
29
856
4
486228
37
4986
3
2200940
55
340
1
8880835
21
3034
4
4971766
58
2184
2
9155699
35
1867
4
4183207
28
2123
4
1816536
48
3601
4
7954706
22
3707
3
5964496
58
1176
2
4490540
31
1081
1
8154109
31
143
4
4525427
42
1684
2
8498125
18
4424
2
5760358
64
916
2
9516946
32
536
3
9520356
58
4824
2
1032997
15
2522
1
3508911
19
1012
3
6954232
20
4857
2
3719971
59
2970
2
5457944
61
386
1
3991820
17
3605
1
3442247
57
2562
3
7018470
51
3507
3
4899745
45
1094
3
7121076
21
2801
3
5324635
23
2095
1
5476995
33
3685
3
8055223
38
370
3
23189
41
2943
2
7458304
22
4099
4
8590605
22
4177
3
2070058
38
3941
4
1153846
57
2385
4
6895799
47
4143
2
2182393
46
3711
4
8044737
48
1929
3
1570782
37
635
4
7021930
49
3087
3
7933715
31
4012
3
9750305
18
1009
2
8004844
61
3664
1
8895713
23
4457
2
2272191
35
2948
2
3655106
43
1979
4
1569946
29
946
1
8008712
48
1510
3
3924031
38
1077
3
6889870
51
4563
1
7667000
43
1324
1
7447521
48
2945
2
2746791
59
26
3
5202156
21
25
3
3501079
37
1059
2
1256550
36
2068
4
5520916
62
953
2
3571797
32
1501
1
7975205
42
4884
2
9266478
45
4566
4
9560240
57
2273
1
1278077
64
426
4
6054803
52
4948
1
1628233
33
4044
4
4687993
64
884
2
9877072
52
1921
4
9063117
21
2152
1
2936071
35
1243
1
1274025
32
968
2
3962349
61
2240
4
5820774
56
1827
4
9942052
38
306
4
6328656
58
1928
4
8636484
16
107
4
9882164
26
2475
4
911821
34
1763
2
5323736
46
4014
1
1495552
22
1603
3
786228
45
2461
2
6645821
34
536
4
6166808
31
2370
4
8314092
44
1194
2
5732591
36
1725
4
7613936
53
2524
1
9031385
53
2140
3
734225
58
464
2
8352376
42
4703
1
7133448
56
4759
4
8500452
46
706
3
5552460
17
1803
1
1848319
43
1579
3
2483426
18
2046
2
457014
52
3991
4
6344320
20
2784
1
5138834
52
1988
1
180439
64
3539
4
2497953
62
265
1
9443902
35
2700
4
1628349
44
489
3
6669874
52
2611
4
2939458
17
4218
2
7682435
18
1517
2
8570922
23
4621
2
3988167
26
2112
3
1955136
44
2486
1
982330
53
1083
4
1266014
39
3473
4
1696962
51
4983
3
5114188
16
1299
4
6991401
31
3940
4
6672861
26
4672
1
3958215
52
4226
2
2222030
30
3497
1
5684769
45
2171
2
3513933
61
28
4
2499482
26
3257
3
5975580
23
1269
2
4248869
26
1520
4
9320309
58
1087
2
9685746
31
4086
1
8091093
48
4269
3
9088597
57
3811
4
6109893
55
4391
2
3240269
15
4044
1
6525072
30
3890
3
7758341
25
2737
3
1168083
42
4251
2
2201980
55
2538
3
6182409
24
4964
2
1446145
41
4512
1
3054129
20
2666
4
960659
25
1292
2
6634751
47
1855
3
3502032
59
4008
1
911277
25
4889
1
6539336
44
3594
4
6288384
24
3716
3
9883801
46
2686
4
9166208
17
4530
1
3973531
37
3665
3
7532470
35
2448
2
8472841
22
553
3
8431129
59
4607
4
7127068
16
3298
1
991924
32
2162
4
6648072
16
806
1
541760
52
933
1
7917650
15
814
1
4522833
27
1873
1
1694886
43
4578
1
1030760
52
2511
3
8393826
25
419
4
1054336
48
3651
2
4325179
24
2613
1
9766343
63
4360
3
5592263
39
1230
1
4759846
18
664
1
1937075
59
3000
2
432273
27
4008
4
9562737
42
4074
4
583573
40
1680
4
5193685
60
2887
2
8906960
64
2395
2
6308956
40
4121
2
558246
52
773
2
8247919
39
1471
4
3394466
44
3438
1
9481402
28
1515
3
6836693
60
817
2
3859017
21
2511
1
9068707
21
1185
1
3090074
23
3694
1
9669151
32
1982
4
8203375
18
4446
4
905392
52
2191
3
2466924
21
3864
1
2668306
49
1170
3
5336282
48
534
3
5636337
35
4878
4
3534839
37
1844
3
328214
43
2109
2
318808
20
1513
4
1950973
21
3161
3
7975162
42
3587
1
2649625
24
1814
3
8541279
64
4304
2
635550
47
4961
4
1047902
22
381
4
8958496
57
4780
3
1310587
60
3585
3
2399114
63
2789
2
9336623
43
2537
4
4133984
19
445
4
9749446
64
116
3
2214110
44
1329
3
5164758
28
185
2
5522024
33
3943
4
2260469
45
2550
2
3692060
54
4890
3
9368238
45
2045
1
4304682
57
4587
2
7543785
18
67
3
5432502
63
3265
4
8537227
17
2697
2
2397505
55
4076
1
9700638
41
3509
4
6437164
17
2305
1
2983699
17
992
1
4100909
44
4609
4
3676842
43
4714
1
4905233
44
2543
1
2274171
57
2713
3
5193422
54
746
3
2024840
22
3957
2
8095440
30
4470
4
8789686
29
4611
3
9253783
37
1405
2
653028
34
2205
2
3005606
15
1725
1
6302784
55
2542
3
2508967
53
2384
4
508992
58
1785
4
2030396
22
4498
3
5999616
27
544
4
